0001 2068.82 814.192
0003 1103.39 1161.59
0004 1120.04 744.033
0005 716.99 1064.02
0008 1451.63 1434.03
0009 1462.64 1067.27
0011 1041.9 963.405
0012 618.129 501.106
0015 1794.11 1370.34
0018 916.996 792.854
0020 512.615 1193.07
0021 1578.25 771.495
0023 1723.7 707.727
0024 1728.19 1566.99
0025 1265.35 1127.35
0027 863.914 1026.46
0028 445.028 597.852
0030 1340.43 1096
0031 1597.47 1400.12
0032 1629.64 992.07
0034 1215.51 1327.73
0037 401.257 845.065
0039 1499.9 796.802
0041 1081.2 1180.76
0042 1094.4 771.768
0043 697.35 1081.38
0046 1864.13 1193.87
0048 1421.67 1057.55
0049 976.217 576.302
0051 582.562 495.112
0053 255.457 901.901
0054 1767.82 1388.89
0056 910.758 1224.49
0057 908.581 848.378
0058 483.445 1184.88
0059 527.186 765.274
0060 884.49 874.787
0061 1692.61 738.907
0062 1226.67 1117.93
0063 1256.37 674.653
0065 411.695 590.729
0068 1911.13 838.012
0069 1587.69 981.695
0071 1177.93 1318.14
0072 733.443 919.334
0073 793.295 1209.86
0076 1949.82 1376.07
0077 1485.84 862.272
0078 1044.44 1171.48
0079 1055.78 761.815
0081 694.997 1125.34
0083 1894.46 680.725
0085 1431.5 563.21
0087 569.867 982.97
0088 572.323 562.312
0089 1235.73 1147.89
0091 1742.29 1406.46
0092 1280.51 936.583
0093 1318.02 1268.02
0094 869.745 840.876
0096 546.12 1165.18
0098 587.05 949.544
0099 1662.56 768.686
0102 823.351 1065.47
0103 404.82 651.536
0106 1463.52 1478.93
0107 1575.14 1040.94
0108 1140.62 1306.8
0110 719.628 448.687
0113 1907.74 1360.97
0114 1444.1 853.669
0116 1038.78 1216.71
0118 660.955 1117.59
0119 252.923 722.658
0120 1850.56 668.286
0122 1371.46 1100.86
0123 925.434 636.213
0124 959.994 998.12
0125 537.481 555.978
0126 1452.28 763.702
0128 1702.2 1391.61
0129 1745.67 964.634
0131 874.998 1251.03
0133 513.308 1157.35
0135 1225.03 1080.3
0136 1619.7 758.323
0137 1648.08 1565.7
0138 1180.48 1157.61
0139 787.517 1057.78
0143 1531.46 1028.24
0144 1121.53 1320.08
0145 677.793 934.629
0146 694.277 483.627
0149 1880.45 1379.89
0150 1416.9 877.399
0152 993.324 781.187
0154 643.493 1134.46
0155 235.972 744.719
0156 296.105 1044.46
0157 1830.63 740.382
0158 1346.73 1122.89
0160 533.731 1022.61
0162 1327.27 1168.55
0163 1692.28 1438.01
0165 811.437 857.951
0167 497.146 1169.13
0169 380.202 574.338
0170 1590.52 784.948
0173 767.847 1077.83
0174 352.874 669.68
0176 1953.36 1198.95
0177 1487.85 1429.76
0178 1505.06 1052.01
0179 1057.12 557.951
0181 658.195 477.905
0183 316.918 900.472
0185 1376.11 868.674
0187 906.328 1288.87
0188 984.028 840.248
0189 609.752 1126.87
0192 1738.01 1240.29
0193 1676.13 1610.66
0194 1307.31 1113.34
0195 863.472 658.774
0197 481.564 578.542
0198 1227.91 1158.59
0199 1550.09 780.71
0200 1678.75 536.977
0201 1674.8 975.826
0203 821.293 1257
0204 804.715 912.156
0206 433.249 830.793
0208 1537.07 1284.42
0210 1120.23 1168.66
0211 1137.68 751.362
0213 320.973 661.686
0215 1909.57 1182.37
0216 1448.17 647.261
0217 1484.42 1465.27
0218 1018.23 550.881
0220 639.012 977.389
0222 286.05 892.209
0224 1826.99 1414.48
0225 1364.29 928.307
0226 870.339 1279.82
0227 946.411 832.695
0229 609.407 1165.83
0231 1696.71 1226.96
0232 1753.33 758.383
0234 1302.32 651.637
0236 482.808 1034.54
0237 473.754 640.799
0238 1773.7 916.627
0239 1635.46 527.106
0240 1628.74 1439.02
0241 1167.69 997.464
0242 1213.98 1310.01
0243 768.776 904.938
0246 1986 1344
0247 1532.9 842.15
0249 1098.38 743.702
0251 729.559 1115.82
0252 315.208 717.029
0253 1867.18 1167.85
0254 1446.29 1452.66
0255 984.299 1059.25
0258 610.942 541.321
0260 1768.15 1038.76
0261 1786.31 1399.06
0262 1323.94 919.277
0264 944.286 1255.63
0266 576.264 1158
0268 1213.43 1153.34
0269 1709.9 747.722
0271 1257.55 1155.78
0272 816.35 714.869
0273 860.235 1053.68
0276 287.077 563.891
0277 1589.62 1424.9
0278 1128.96 988.975
0279 1170.01 507.357
0281 760.729 421.824
0283 1945.79 965.333
0284 1490.71 833.457
0286 1077.02 1206.96
0287 641.32 795.495
0288 695.102 1107.84
0289 284.383 707.365
0291 1852.93 1225.03
0292 1406.07 1441.47
0293 1412.81 1088.25
0294 965.576 615.33
0296 573.687 533.073
0298 193.413 992.269
0300 1302.87 1355.91
0302 909.06 1245.97
0304 490.921 410.307
0306 1422.29 1266.82
0307 1679.66 777.419
0308 1219.04 1146.18
0310 419.884 658.177
0312 1874.95 947.374
0313 1481.4 1487.49
0314 1105.91 1011.88
0315 1141.53 542.137
0316 712.635 920.637
0317 734.239 455.911
0319 1915.65 990.97
0321 1460.74 861.323
0323 1055.82 1225.49
0324 620.407 818.215
0325 676.765 1123.76
0326 266.677 730.295
0327 1798.22 1622.6
0328 1825.21 1245.83
0330 1387.56 1110.63
0331 940.152 646.266
0333 551.447 562.739
0334 1217.29 1226.31
0335 238.498 944.698
0336 1774.87 524.122
0337 1258.75 935.36
0339 891.528 1258.79
0340 879.105 903.266
0341 526.949 1162.8
0342 698.349 657.021
0344 1618.62 1287.49
0346 1195.98 1166.72
0349 387.043 651.066
0352 1539.61 633.562
0353 1550.09 1038.74
0354 1101.93 534.502
0356 707.498 969.445
0358 346.569 886.69
0360 1423.71 1327.01
0362 1019.22 1216.24
0363 585.557 811.32
0367 1783.58 1231.37
0368 1321.44 730.794
0370 902.366 636.336
0373 1426.46 1337.56
0375 1233.84 959.614
0376 856.407 1248.1
0377 842.552 895.569
0378 433.87 435.906
0379 1938 1497
0381 1578.11 1275.23
0382 1620.6 834.461
0384 719.709 724.741
0386 342.384 1134.47
0388 1496.66 625.349
0389 1522.48 1465.51
0390 1115.64 1340.4
0391 672.547 962.272
0394 1400.83 1343.9
0396 922.18 1293.58
0397 565.684 835.42
0401 1756.48 1251.9
0402 1294.62 759.466
0403 1323.23 1120.69
0404 878.119 665.797
0406 529.569 1047.36
0408 1305.6 1248.8
0409 1695.21 550.066
0410 1225.38 1370.03
0413 821.306 918.761
0414 2028.07 925.454
0416 1578.1 824.528
0418 1151.21 1204.35
0419 712.008 783.86
0420 367.476 1069.15
0421 348.56 701.608
0422 1928.66 1194.74
0423 1484.52 1451.68
0424 1022.91 1045.3
0426 648.246 517.285
0428 1813.29 1026.55
0430 1365.97 901.558
0432 977.36 1247.52
0433 545.794 858.989
0434 608.353 1148.7
0435 1105.13 1210.2
0436 216.462 794.442
0437 1715.31 1238.49
0438 1772.88 767.827
0440 865.136 1128.46
0442 496.199 1040.22
0443 487.258 647.273
0444 1518.77 1362.74
0445 1651.87 539.496
0446 1644.42 1447.9
0447 752.778 538.294
0449 390.552 497.225
0451 1513.2 1282.51
0452 1071.28 864.061
0454 1129.16 1223.44
0456 352.573 1083.94
0457 328.117 725.911
0458 1784.08 1679.6
0459 1463.6 1460.67
0460 1008.56 591.08
0462 633.916 1003.77
0464 281.926 918.134
0466 1258.32 1399.27
0467 1354.55 960.769
0468 941.755 1237.94
0469 938.623 864.131
0471 1310.7 1316.57
0472 1623.87 984.853
0473 1688.59 1256.88
0474 1227.95 776.955
0476 817.341 687.168
0478 479.03 1058.83
0479 782.141 763.437
0481 1619.35 573.29
0482 1531.85 1513.86
0483 1161.74 1027.61
0484 728.391 569.869
0486 357.844 489.82
0488 1978.78 1015.15
0489 1488.98 1299.23
0490 1521.64 877.845
0492 687.287 1188.42
0494 338.452 1097.88
0495 309.74 750.024
0497 1395.95 678.646
0499 979.842 1086.8
0500 995.432 660.744
0501 599.686 996.909
0505 1314.48 951.747
0506 882.692 451.181
0507 941.27 1274.66
0509 575.742 1177.49
0510 1843.51 1127.62
0512 1698.84 786.408
0514 810.065 1139.08
0517 2057.58 747.711
0519 1587.59 607.821
0521 1136.4 1049.83
0523 743.701 956.434
0525 1893.44 1474.2
0527 1465.09 1317
0530 620.148 795.103
0533 291.937 770.626
0534 1827.82 1220.17
0535 1367.5 709.052
0537 958.513 1106.92
0539 581.084 1016.85
0542 1728.61 1094.55
0543 1280.38 1352.12
0544 1289.16 976.081
0545 855.504 487.355
0549 1402.07 1340.7
0551 1669.1 814.883
0553 791.032 1156.94
0554 786.021 774.596
0555 429.796 1068.68
0556 413.464 690.925
0557 1519.71 1150.97
0558 1559.72 1461.91
0559 1098.28 1041.06
0560 667.145 593.37
0562 306.613 508.447
0564 1904.83 1026.22
0568 614.263 850.533
0570 261.346 760.906
0572 1814.16 1275.63
0574 922.325 1098.16
0575 932.589 682.559
0577 545.321 598.049
0578 581.286 735.209
0579 1686.77 1082.11
0580 1757.96 570.811
0581 1249.56 967.065
0582 817.955 480.999
0585 458.952 481.719
0586 1524.28 1509.8
0588 1611.59 1315.2
0589 1151.82 856.116
0590 1190.74 1193.99
0591 749.826 767.347
0593 430.196 1106.79
0598 1089.65 575.68
0600 308.191 972.091
0602 1861.82 1012.29
0604 1418.78 1351.5
0605 939.122 1298.2
0609 1772.96 1261.42
0610 1310.75 767.095
0613 1828 1555
0614 1719.35 1099.89
0615 1659.44 1105.23
0617 1225.06 990.978
0618 792.265 515.172
0620 435.869 937.429
0624 1586.84 1333.24
0626 737.985 1165.61
0627 728.003 790.774
0630 1483.6 665.687
0631 1517.77 1483.46
0632 1053.48 1084.01
0633 622.555 648.225
0634 667.25 989.323
0635 268.26 558.747
0636 1800.9 1491.68
0637 1846.04 1074.73
0638 1379.86 1340.9
0639 1399.06 945.562
0644 228.044 802.926
0646 1270.14 758.84
0648 879.709 1135.19
0649 884.949 736.085
0650 511.678 1046.36
0651 970.696 947.396
0652 1293.23 513.207
0653 1632.21 1128.05
0654 1201.94 1368.04
0655 1201.13 1014.2
0656 767.273 545.811
0658 391.993 467.266
0659 1964.81 1450.05
0662 1568.48 860.708
0664 720.106 1179.78
0666 1915.61 819.764
0667 1429.03 1183.56
0668 1467.44 736.149
0669 1016.19 1073.18
0670 1036.35 637.817
0672 275.662 1006.16
0674 1803.83 1060.76
0675 1349.36 519.073
0676 1374.88 1382.17
0678 975.615 1268.68
0680 1076.95 492.752
0682 1705.21 1268.27
0683 1258.14 822.172
0684 843.944 1126.71
0685 845.753 728.721
0687 510.438 1089.58
0688 1499.85 1431.23
0689 1590.92 1116.89
0690 1649.74 629.403
0692 730.667 539.372
0694 386.025 950.262
0695 383 534.06
0696 1982.73 988.612
0698 1520.9 1338.42
0699 1064.97 896.257
0700 1109.12 1221.39
0705 1888.35 1247.99
0706 1425.48 727.907
0708 1010.02 1123.03
0712 1319.24 554.82
0713 1332.85 959.426
0714 909.837 502.166
0715 506.48 881.159
0716 519.482 427.496
0718 1659.81 920.585
0719 1678.86 1287.93
0720 1218.19 812.005
0722 840.418 1171.86
0723 477.559 1082.26
0724 2077.68 758.788
0725 1736.72 741.442
0726 1606.38 619.873
0728 1153.86 1057.07
0729 719.445 606.797
0732 1951.91 1014.05
0734 1497.03 1354.05
0735 1039.69 920.488
0736 1087.89 1239.66
0737 650.631 833.062
0741 1364.63 1192.33
0742 1397.43 754.967
0744 972.435 660.843
0747 1710.34 1505.18
0748 1745.36 1106.1
0749 1290.25 586.212
0750 1307.38 983.766
0751 871.81 495.356
0754 860.801 938.229
0755 1170.19 510.021
0757 1193.79 1269.08
0759 805.413 1163.28
0760 800.641 781.584
0764 1538.2 1159.57
0765 1588.56 690.842
0766 1115.62 1048.47
0767 683.566 600.199
0769 352.747 988.415
0770 1869.03 1470.27
0772 1001.8 912.428
0773 653.018 1199.56
0776 1810.39 862.906
0778 1356.19 746.371
0780 952.633 1133.53
0782 576.862 1042.23
0783 1600.73 1557.39
0784 1717.87 1126.27
0785 1296.55 1393.41
0786 1282.41 1007.44
0787 845.719 529.228
0789 462.078 453.446
0790 524.499 1153.74
0791 341.47 835.778
0793 1153.16 830.003
0795 764.457 774.188
0797 443.564 1114.07
0799 1497.65 1148.58
0800 1545.6 681.827
0802 1108.07 1100.27
0804 311.032 580.187
0807 979.322 935.894
0809 610.11 880.233
0813 1317.27 1232.1
0814 1342.85 811.078
0815 916.547 1124.64
0818 1161.45 618.46
0819 1491.68 1480.85
0820 1676.01 1113.78
0821 1219.18 610.373
0823 820.567 561.978
0825 439.959 484.443
0826 1597.8 774.953
0827 1561.4 958.817
0828 1603.02 1341.68
0830 768.975 1195.75
0831 346.574 820.444
0832 1964.58 801.56
0833 1472.14 1170.14
0834 1515.86 713.122
0837 280.117 567.29
0838 1817.1 1501.56
0840 1406.83 536.766
0841 941.929 927.903
0844 588.622 902.844
0847 1294.39 1251.06
0849 896.359 1143.65
0850 470.193 741.478
0851 1900.43 774.897
0853 1642.97 1539.12
0854 1698.71 604.43
0855 1191.44 642.793
0856 1216.9 1021.37
0857 783.54 555.618
0859 433.572 963.708
0860 1984.13 1460.04
0861 1534.26 983.814
0862 1563.23 1329.21
0863 1119.24 913.286
0864 734.512 1187.2
0866 396.458 1118.77
0867 1932.96 830.239
0869 1473.32 704.879
0871 616.902 684.637
0872 274.509 987.46
0873 262.056 592.511
0874 1791.73 1516.97
0876 1373.75 1363.9
0877 920.063 950.756
0878 951.531 477.508
0879 569.285 922.863
0880 852.098 1008.91
0881 1707.92 902.849
0883 1276.47 829.524
0885 862.491 738.043
0887 951.625 1032.1
0888 1255.48 638.144
0889 1607.5 1125.12
0890 1666.5 638.361
0892 763.322 1042.02
0897 1539.01 1346.75
0898 1080.61 905.315
0899 660.638 422.324
0900 734.614 1222.06
0905 1444.29 735.764
0907 1027.14 1131.84
0908 595.594 709.072
0909 259.464 1003.28
0910 243.869 617.287
0911 1767.3 1531.58
0912 1352.24 1378.61
0913 898.423 973.293
0914 924.686 509.6
0918 1679.04 929.302
0920 1235.91 821.594
0922 430.979 788.409
0924 838.016 944.94
0925 1580.74 1147.7
0926 1125.02 665.392
0928 743.527 1060.34
0929 383.997 975.751
0933 1515.32 1364.02
0934 1057.16 929.414
0935 635.359 454.736
0938 1857.84 845.085
0940 1395.92 1232.44
0942 990.148 1121.05
0945 261.373 1041.99
0946 1728.05 1515.52
0947 1764.22 1115.91
0948 1305.83 597.155
0953 1650.54 954.841
0954 1671.65 1316.32
0957 766.482 1255.36
0961 1554.47 1169.71
0962 1098.89 695.199
0964 697.532 607.171
0966 367.245 994.76
0967 1954.45 600.401
0968 1941.36 1049.05
0970 1040.53 1306.56
0971 1034.09 950.685
0974 1786.58 1359.23
0976 1356.65 1221.91
0977 1386.27 791.333
0978 969.322 1140.66
0979 539.966 728.522
0981 747.814 999.256
0982 1617.13 1569.23
0983 1736.72 1138.02
0984 1277.36 627.338
0985 840.546 985.624
0986 860.578 537.074
0988 498.436 958.091
0990 1605.85 944.341
0992 1111.46 1348.5
0993 732.259 1247.92
0996 2016.63 785.626
0998 1528.72 1191.21
1000 689.509 1072.25
1001 688.388 670.746
1002 334.169 986.644
1005 1414.2 1046.4
1007 575.767 482.084
1012 1333.1 1239.38
1013 884.676 805.032
1016 943.313 1100.19
1017 1686.05 724.719
1018 1694.94 1125.29
1019 1237.07 618.807
1021 835.479 1035.62
1023 444.481 533.742
1024 1578.17 969.441
1026 1169.42 1308.25
1028 784.982 1201.93
1029 361.175 827.217
1030 1928.43 1329.23
1032 1503.34 1210.07
1034 652.595 663.989
1036 271.925 1092.82
1037 1835.46 1513.44
1038 1373.74 1034.68
1039 1425.33 545.153
1043 1194.7 1107.35
1045 1754.27 887.115
1047 1318.7 809.899
1049 518.829 1135.64
1050 499.511 779.439
1052 1660.36 1548.99
1053 1195.66 1126.75
1055 810.519 600.508
1061 1136.82 920.307
1062 713.358 434.438
1063 329.317 819.653
1065 1900.36 1349.11
1066 1965.37 882.395
1067 1463.38 1199.35
1071 248.08 1074.67
1073 1825.45 1556.15
1074 1383.32 536.661
1076 952.154 987.816
1077 530.339 543.986
1078 570.104 902.248
1079 1745.34 851.33
1080 1694.74 1378.83
1081 1738.73 949.162
1082 1271.45 1248.44
1083 1292.47 836.886
1085 503.113 1149.95
1087 940.333 708.459
1088 1029.3 1121.06
1089 1640.76 1167.77
1090 1182.41 681.229
1092 773.862 593.651
1094 429.849 991.105
1096 1509.48 981.941
1097 1110.74 1312.07
1098 1110.87 944.491
1099 733.46 1207.94
1100 311.796 841.32
1101 1873.12 1366.02
1103 1453.84 1250.49
1105 618.696 1101.32
1106 609.644 717.838
1107 287.449 1034.9
1108 255.464 625.913
1109 1808.86 1102.93
1110 1353.32 571.992
1112 930.419 1009.69
1114 551.086 924.134
1115 1669.63 1396.04
1116 1709.82 974.763
1117 1248.93 1267.18
1118 1266.56 862.841
1119 871.365 1186.81
1120 444.633 797.006
1122 1232.49 1229.6
1123 1600.54 1541.11
1124 1614.08 1189.51
1125 1155.99 710.433
1126 744.179 1040.7
1127 750.18 623.167
1129 1931.49 1147.13
1131 1482.98 1006.25
1133 1072.54 936.385
1134 649.321 464.4
1137 2000 1017
1139 962.102 796.061
1140 601.344 1118.6
1141 588.557 741.785
1142 257.744 1024.99
1143 1765.69 670.953
1144 1759.25 1554.85
1145 1297.6 1102.44
1146 1349.58 1398.41
1147 893.897 1001.84
1148 474.253 566.388
1150 1499.35 1244.83
1151 1326.01 842.947
1152 1667.44 963.195
1153 1226.77 1284.79
1154 782.159 871.195
1159 1554.29 800.779
1160 1573.2 1178.02
1161 1116.55 702.773
1163 740.426 1087.97
1165 380.389 1000.73
1166 1971.7 611.661
1167 1458.21 1433.38
1170 613.543 459.139
1172 277.72 880.443
1176 1390.21 1259.33
1177 567.791 1110.9
1178 567.917 767.328
1180 1632.07 1579.96
1181 1258.47 1093.02
1182 1293.29 637.886
1184 877.385 544.463
1185 1713 1374.97
1187 1624.94 952.894
1189 1205.54 1301.33
1190 761.05 894.594
1191 748.076 1251.86
1192 392.67 811.182
1196 1090.61 1178.27
1198 705.381 1078.68
1199 704.69 677.423
1202 1430.57 1054.01
1203 984.544 570.333
1204 1011.67 951.531
1205 589.815 489.002
1207 259.976 899.582
1208 1764.48 1354.7
1209 1816.55 909.193
1211 1366.82 1277.88
1212 915.965 844.188
1213 550.632 1125.87
1214 533.39 760.813
1215 1837.02 976.76
1216 1196.58 991.038
1217 1697.52 1549.99
1218 1234.61 1114.76
1219 1265.29 669.264
1221 851.932 576.303
1222 480.304 957.18
1223 224.821 1047.68
1224 1581.9 1415.01
1226 1176.86 902.869
1230 1945.29 1339.17
1231 1481.22 820.746
1234 686.842 1097.27
1235 277.151 696.315
1238 1405.07 1077.06
1239 958.692 599.859
1240 989.218 972.19
1241 566.642 520.3
1242 230.507 889.13
1244 1752.95 1405.3
1246 1328.04 1267.62
1247 878.704 836.783
1248 534.2 1141.34
1249 1803.33 1269.4
1251 1672.73 763.54
1252 1692.51 1586.37
1253 1225.05 658.44
1255 829.885 1062.23
1256 412.44 646.924
1258 1328.26 1320.63
1259 1470.11 1482.46
1260 1124.24 481.137
1261 1165.29 1328.55
1263 782.071 1222.08
1266 1969.75 853.155
1268 1030.25 1186.03
1269 1041.23 784.391
1270 652.546 1089.31
1271 647.176 697.668
1273 1872.74 707.205
1274 1379.89 1097.28
1276 967.287 994.47
1277 544.204 550.657
1280 1710.74 1389.77
1281 1757.72 960.906
1283 842.025 829.334
1284 518.714 1155.66
1285 1593.35 1345.23
1286 1629.65 753.291
1287 1172.95 1124.57
1288 1198.01 688.601
1290 377.904 639.442
1293 1434.79 1466.45
1294 1542.75 1024.51
1295 1095.39 517.684
1296 1146.45 1340.23
1297 690.926 436.435
1301 1938.28 881.121
