0001 2056.8 590.213
0003 1343.13 1316.26
0004 1206.7 911.116
0005 951.392 1378.83
0007 1884.05 496.884
0008 1761.88 1477
0009 1632.29 1066.79
0010 1345.18 1534.15
0011 1216.07 1140.12
0012 669.529 902.272
0015 2049.65 1206.76
0016 1447.29 953.987
0018 1042.67 1029.51
0020 842.672 1526.67
0021 1618.83 762.66
0023 1718.81 657.15
0024 2070.46 1466.1
0025 1478.32 1209.92
0027 1075.24 1276.99
0028 545.085 1040.3
0030 1534.06 1146.56
0031 1883.73 1347.66
0032 1751.01 927.733
0034 1505.45 1458.78
0037 585.948 1278.15
0039 1560.69 812.17
0041 1329.49 1347.13
0042 1194.01 943.699
0043 938.673 1406.65
0044 425.748 1172.43
0046 2038.37 999.295
0048 1592.28 1074.69
0049 1016.74 832.535
0051 635.12 910.287
0053 463.884 1404.84
0054 2033.57 1239.83
0056 1185.64 1478.62
0057 1054.79 1083.59
0058 808.809 1532.65
0059 677.056 1153.73
0060 1041.53 1116.8
0061 1704.7 692.482
0062 1439.61 1217.17
0063 1300.99 804.578
0065 511.972 1047.83
0068 1932.37 677.511
0069 1710.11 936.399
0071 1467.32 1465.08
0072 918.62 1219.95
0073 1069.54 1520.48
0074 552.887 1284.44
0076 2190.19 1127.44
0077 1573.57 871.74
0078 1292.22 1353.74
0079 1155.94 949.832
0081 950.288 1459.32
0083 1854.03 569.167
0085 1410.49 660.72
0087 787.606 1351.71
0088 649.456 964.984
0089 1459.07 1243.81
0091 2017.96 1272.51
0092 1420.83 1019.46
0093 1578.66 1335.85
0094 1016.85 1091.97
0096 819.743 1583.5
0098 793.15 1309.36
0099 1690.72 727.391
0102 1051.04 1336
0103 526.057 1101.43
0106 1851.12 1411.64
0107 1721.73 994.502
0108 1428.74 1469.42
0109 883.831 1226.91
0110 741.521 831.829
0113 2146.65 1134.83
0114 1533.8 880.22
0116 1302.99 1406.76
0118 915.807 1465.56
0119 405.422 1232.03
0120 1811.47 578.563
0122 1563.93 1138.11
0123 993.881 895.976
0124 1153.73 1208.17
0125 615.479 972.721
0126 1506.54 802.779
0128 1975.67 1279.43
0129 1841.02 853.071
0131 1159.64 1535.84
0133 786.085 1588.92
0135 1424.5 1179.8
0136 1649.56 736.172
0137 1994.35 1531.81
0138 1412.38 1278.2
0139 1015.34 1342.34
0140 493.005 1108.13
0143 1678.35 1001.18
0144 1414.92 1499.12
0145 872.687 1257.38
0146 731.722 864.076
0149 2130.51 1168.39
0150 1519.58 911.897
0152 1107.22 990.034
0154 904.284 1494.72
0155 396.122 1261.42
0156 544.577 1548.81
0157 1823.76 638.189
0158 1550.21 1170.55
0160 766.302 1410.69
0162 1549.96 1224.95
0163 1985.61 1335.4
0165 969.445 1129.85
0167 773.102 1617.54
0169 477.42 1046.96
0170 1634.82 768.624
0173 1003.78 1372.49
0174 483.686 1138.28
0177 1794.63 1447.43
0178 1664.23 1034.03
0179 1081.78 791.3
0181 697.014 871.771
0183 523.269 1371.98
0185 1480.14 920.118
0187 1253.27 1442.78
0188 1120.55 1047.27
0189 870.131 1500.58
0192 1946.19 1106.69
0193 2108.27 1434.71
0194 1511.18 1177.71
0195 946.788 936.075
0197 572.447 1011.29
0198 1456.21 1258.3
0199 1598.27 780.698
0200 1612.15 557.28
0201 1784.04 893.949
0203 1110.91 1570.2
0204 982.148 1184.77
0205 739.753 1622.71
0206 611.682 1250.99
0208 1783.95 1249.87
0210 1361.68 1316.44
0211 1225.38 910.631
0213 451.087 1145.19
0215 2073.58 965.69
0216 1458.22 714.168
0217 1804.31 1502.96
0218 1045.01 799.929
0220 850.817 1317.65
0221 336.561 1086.09
0222 491.347 1378.26
0224 2097.8 1232.78
0225 1492.97 979.142
0226 1216.85 1449.14
0227 1084.09 1054.55
0229 881.465 1552.3
0231 1904.31 1114.15
0232 1765.11 683.282
0234 1333.17 770.485
0236 722.337 1445.95
0237 586.594 1065.26
0238 1846.39 800.617
0239 1571.47 566.66
0240 1928.55 1374.06
0241 1342.62 1121.83
0242 1498.62 1435.29
0243 946.792 1191.59
0244 421.569 960.511
0246 2206 1076
0247 1607.39 837.041
0249 1187.73 918.705
0251 980.492 1431.93
0252 464.071 1196
0253 2030.66 973.575
0254 1763.7 1508.78
0255 1198.1 1260.59
0257 815.02 1324.63
0258 677.75 935.362
0260 1891.16 906.558
0261 2055.04 1239.86
0262 1453.77 986.807
0264 1227.68 1502.54
0266 847.391 1558.2
0268 1441.29 1259.23
0269 1723.76 692.484
0271 1482.39 1242.4
0272 924.613 999.948
0273 1081.69 1307.46
0274 552.477 1070.61
0276 386.826 1080.73
0277 1887.2 1380.58
0278 1304.69 1129.34
0279 1162.16 717.259
0281 768.282 801.846
0283 2015.28 761.925
0284 1567.43 845.577
0286 1335.84 1378.24
0287 792.939 1138.01
0288 945.739 1438.27
0289 431.599 1202.71
0291 2042.06 1033.67
0292 1723.94 1514.58
0293 1596.51 1108.14
0294 1022.52 865.543
0296 641.39 942.252
0298 470.837 1433.66
0299 1702.75 477.46
0300 1597.38 1450.51
0302 1191.42 1508.98
0303 1060.06 1116.64
0304 522.863 882.481
0306 1674 1285.66
0307 1709.58 727.321
0308 1444 1249.38
0310 542.92 1101
0312 1946.64 779.999
0313 1871.74 1412.05
0314 1292.31 1161.08
0315 1150.46 750.564
0316 900.763 1229.37
0317 757.942 832.163
0319 1999.89 796.919
0321 1551.94 880.261
0323 1322.93 1408.59
0324 781.667 1167.13
0325 933.445 1465.89
0326 422.119 1232
0327 2156.98 1489.58
0328 2026.37 1067.44
0330 1582.82 1140.81
0331 1011.37 898.301
0333 631.444 973.104
0334 1471.97 1335.31
0335 460.754 1461.79
0336 1689.08 513.179
0337 1401.84 1027.07
0339 1178.67 1538.01
0340 1047.51 1145.91
0341 801.547 1590.1
0342 797.334 995.827
0344 1859.22 1213.25
0346 1430.65 1280.85
0347 875.85 1037.86
0349 509.951 1108.28
0352 1532.12 671.851
0353 1699.69 1002.53
0354 1112.86 759.136
0356 912.398 1281.66
0358 548.542 1344.01
0360 1698.2 1353.2
0361 1564.72 940.018
0362 1285.65 1414.98
0363 747.541 1174.03
0367 1983.77 1075.13
0368 1380.28 824.802
0370 974.248 904.15
0372 781.812 1411.46
0373 1704.59 1364.46
0374 1647.56 522.582
0375 1388.24 1058.68
0376 1141.96 1542.11
0377 1011.69 1153.51
0378 480.34 921.329
0381 1818.15 1220.3
0382 1681.28 796.339
0384 840.644 1045.39
0386 656.504 1535.67
0388 1492.18 681.104
0389 1840.94 1474.29
0390 1418.12 1529.67
0391 877.709 1288.21
0394 1683.68 1384.68
0396 1272.06 1443.17
0397 736.97 1204.09
0399 380.145 1267.69
0401 1968.15 1108.55
0402 1367.64 858.506
0403 1529.09 1178.4
0404 963.035 936.43
0406 770.981 1440.7
0408 1561.51 1320
0409 1631.97 559.1
0410 1529.62 1516.84
0412 1128.63 1570.59
0413 1000.35 1184.56
0414 2069.4 692.381
0416 1640.51 805.051
0418 1403.62 1341.33
0419 854.017 1100.35
0420 622.321 1541.88
0421 491.09 1168.21
0422 2096.37 967.227
0423 1800.23 1480.43
0424 1229.03 1229.25
0426 703.28 904.101
0428 1926.26 874.666
0430 1484.93 954.178
0432 1257.5 1473.95
0433 726.511 1233.96
0434 876.185 1529.88
0435 1363.41 1368.63
0436 393.847 1319.73
0437 1926.19 1116.08
0438 1786.38 682.458
0440 1112.21 1387.45
0442 737.541 1446.75
0443 601.921 1065.75
0444 1798.84 1346.67
0445 1590.95 568.611
0446 1947.13 1374.81
0447 804.877 883.409
0448 988.855 1215.5
0449 462.114 983.152
0451 1762.82 1259.53
0452 1208.79 1035.86
0454 1390.25 1372.43
0456 611.624 1570.06
0457 479.837 1198.62
0459 1783.9 1508.98
0460 1052.41 832.298
0462 855.755 1348.18
0463 342.497 1116.48
0464 496.067 1407.68
0466 1629.16 1420.41
0467 1496.95 1011.37
0468 1220.61 1479.82
0469 1088.55 1086.26
0470 549.365 852.172
0471 1591.19 1395.63
0472 1744.29 923.486
0473 1910.26 1147.28
0474 1315.72 897.981
0476 916.458 976.434
0478 727.157 1475.81
0479 911.264 1055.18
0481 1577.07 601.806
0482 1931.5 1406.39
0483 1349.05 1153.63
0484 794.456 915.436
0485 953.593 1222.48
0486 429.336 991.06
0488 2065.04 787.569
0489 1747.38 1289.77
0490 1612.22 871.276
0492 963.491 1545.2
0494 601.022 1597.81
0495 470.57 1228.38
0497 1425.93 756.634
0499 1204.42 1291.44
0500 1066.58 889.67
0501 821.475 1354.66
0504 1722.07 476.974
0505 1458.02 1019.47
0506 888.379 780.306
0507 1231.43 1532.97
0508 514.741 861.162
0509 853.254 1586.61
0510 1994.23 948.55
0512 1730.39 726.595
0514 1064.51 1423.82
0516 716.206 1504.37
0517 2020.65 546.413
0518 402.765 1167.41
0519 1563.62 636.825
0521 1334.44 1186.3
0523 942.165 1253.04
0524 420.039 1021.01
0525 2183.68 1255.92
0527 1732.7 1321.65
0528 1598.49 905.322
0530 774.409 1145.79
0533 460.296 1255.91
0534 2018.69 1041.87
0535 1412.9 790.418
0537 1192.07 1322.19
0539 810.495 1384.09
0540 1719.38 1526.79
0542 1879.97 974.98
0543 1575.93 1457.36
0544 1444.47 1051.29
0545 877.844 812.633
0547 505.61 892.503
0549 1683.96 1380.01
0551 1716.04 761.053
0553 1052.47 1453.49
0554 919.041 1063.61
0555 683.09 1510.1
0556 548.436 1131.88
0557 1717.62 1122.17
0558 1874.99 1444.3
0559 1296.62 1193.34
0560 747.715 955.593
0562 387.468 1028.42
0564 2005.82 830.958
0566 1558.57 913.808
0568 787.511 1199.59
0570 427.513 1262.12
0572 2029.73 1101.45
0574 1155.51 1328.76
0575 1018.76 930.027
0577 638.819 1003.71
0578 718.541 1106.54
0579 1838.22 983.044
0580 1694.41 548.411
0581 1405.72 1058.95
0582 842.346 820.883
0583 1181.51 1567.25
0584 659.859 1328.86
0585 519.695 945
0586 1923.34 1408.91
0588 1864.85 1245.47
0589 1278.15 997.084
0590 1436.78 1312.06
0591 883.582 1070.97
0593 693.94 1559.41
0596 1537.26 706.292
0598 1118.59 792.468
0600 537.906 1454.4
0601 401.021 1079.58
0602 1963.05 839.539
0604 1703.65 1384.68
0605 1289.52 1445.94
0606 775.97 1227.59
0609 1987.39 1108.96
0610 1385.27 858.545
0611 982.292 937.996
0614 1874.21 984.219
0615 1823.47 1016.41
0616 1680.7 583.951
0617 1392.88 1091.26
0618 832.225 853.658
0620 649.658 1358.3
0624 1849.63 1277.91
0626 1005.39 1489.06
0627 871.824 1100.29
0630 1497.26 715.242
0631 1843.46 1506.04
0632 1271.25 1256.1
0633 726.58 1016.37
0634 882.619 1319.05
0635 368.762 1086.87
0636 2108.17 1328.3
0637 1975.15 900.195
0638 1664.04 1391.23
0639 1531.61 980.164
0644 408.835 1320.56
0646 1346.65 866.93
0648 1128.71 1388.29
0649 995.089 992.209
0650 754.697 1447.24
0651 1147.56 1153.09
0652 1272.73 677.65
0653 1808.63 1050.01
0655 1380.09 1124.06
0656 820.932 883.579
0658 453.743 960.431
0659 2237.09 1192.09
0662 1647.21 838.652
0664 992.981 1516.34
0666 1930.41 661.075
0667 1649.31 1194.81
0668 1510.76 775.162
0669 1233.5 1261.11
0670 1094.97 857.109
0672 516.174 1511.43
0674 1932.41 908.486
0675 1323.77 660.855
0676 1674.47 1447.11
0678 1263.03 1503.79
0679 731.761 1264.57
0680 1075.92 739.849
0682 1929.96 1149.85
0683 1359.71 924.98
0684 1092.81 1394.6
0685 957.41 1000.79
0687 766.755 1499.03
0688 1808.12 1441.39
0689 1767.72 1057.74
0690 1481.47 562.992
0692 786.137 891.756
0694 606.563 1393.72
0695 468.594 1014.44
0696 2057.82 763.334
0698 1792.24 1317.58
0699 1214.97 1066.29
0700 1371.84 1379.09
0701 826.648 1138.71
0703 639.367 1620.34
0705 2084.09 1035.92
0706 1471.26 783.904
0708 1245.58 1316.26
0710 325.167 1124.01
0712 1311.93 695.275
0713 1477.55 1018.75
0714 932.406 803.828
0715 698.256 1271.47
0716 556.035 884.03
0717 831.057 1163.42
0718 1750.48 851.917
0719 1914.72 1182.92
0720 1320.62 931.306
0722 1104.48 1448.27
0723 733.309 1504.72
0724 2042.93 545.273
0725 1745.5 676.682
0726 1585.05 638.047
0728 1353.59 1186.11
0729 800.241 947.332
0730 573.774 1399.78
0731 459.044 1044.62
0732 2042.14 798.606
0734 1776.7 1347.57
0735 1200.39 1098.52
0736 1358.82 1409.69
0737 815.744 1169.54
0741 1594.71 1232.23
0742 1457.01 815.758
0744 1046.81 897.912
0747 2031.61 1400.02
0748 1899.93 977.271
0749 1298.89 727.324
0750 1464.25 1050.83
0751 896.279 812.355
0753 710.862 1324.25
0754 1044.33 1188.2
0755 1164.62 718.932
0757 1467.49 1394.27
0759 1068.77 1454.39
0760 935.373 1063.96
0762 1998.84 554.777
0764 1737.93 1122.03
0765 1597.75 696.166
0766 1315.75 1193.37
0767 765.594 955.305
0769 586.319 1451.11
0770 2160.84 1265.65
0772 1163.47 1105.82
0773 934.507 1579.43
0776 1857.8 740.558
0778 1417.91 824.308
0780 1196.42 1353.4
0781 662.296 1116.27
0782 815.541 1414.41
0783 2014.57 1429.7
0784 1884.02 1009.03
0785 1605.23 1512.02
0786 1450.9 1083.52
0787 885.688 844.537
0789 513.512 923.062
0790 798.499 1577.67
0791 529.145 1295.11
0793 1270.17 972.605
0795 899.927 1071.26
0797 709.983 1562.33
0798 2010.94 615.336
0799 1697.49 1129.52
0800 1557.34 705.33
0802 1327.9 1249.02
0804 417.093 1081.77
0807 1151.79 1138.18
0809 794.025 1229.43
0811 1814.91 747.306
0813 1567.05 1295.65
0814 1430.89 883.025
0815 1159.9 1360.05
0816 628.73 1123.51
0818 1198.62 797.424
0819 1820.3 1517.17
0820 1842.13 1016.92
0821 1246.24 770.507
0823 875.307 876.876
0825 504.118 953.963
0826 1639.34 757.496
0827 1680.46 926.744
0828 1868.4 1278.53
0830 1044.78 1513.16
0831 529.077 1277.91
0832 1965.23 625.571
0833 1683.36 1162.02
0834 1543.95 739.878
0837 383.436 1086.92
0838 2127.49 1328.99
0839 1994.33 900.376
0840 1381.02 651.846
0841 1115.09 1145.22
0844 781.953 1260.45
0847 1553.48 1327.52
0849 1147.72 1390.12
0850 618.998 1153.85
0851 1899.66 633.567
0853 1982.52 1492.67
0854 1658.36 593.406
0855 1234.21 804.421
0856 1397.56 1124.41
0857 839.954 885.089
0859 656.098 1387.48
0860 2259.08 1191.85
0861 1666.4 960.208
0862 1827.5 1285.44
0863 1270.39 1060.91
0864 1009.66 1519.08
0866 665.122 1593.78
0867 1949.92 660.972
0869 1504.21 748.745
0871 734.823 1049.21
0872 510.819 1489.26
0873 374.298 1116.85
0874 2111.34 1361.51
0875 1979.05 934.883
0876 1667.54 1423.42
0877 1103.36 1177.01
0878 960.419 772.91
0879 770.69 1288.75
0880 1061.09 1263.32
0881 1785.67 816.635
0883 1379.26 924.532
0885 976.571 1002.26
0887 1160.79 1246.03
0888 1288.96 777.229
0889 1786.32 1058.16
0890 1644.76 628.61
0892 990.211 1335.23
0894 623.304 1393.58
0897 1812.79 1317.74
0898 1232.89 1068.3
0899 681.717 833.81
0900 1019.69 1568.94
0902 654.476 1621.22
0903 1935.02 696.49
0905 1491.21 783.104
0907 1265.29 1318.33
0908 723.72 1078.07
0909 500.586 1517.22
0910 365.195 1146.53
0911 2095.24 1393.85
0912 1653.11 1454.19
0913 1091.35 1207.83
0914 949.103 803.841
0918 1771.19 851.089
0920 1340.78 932.741
0922 598.57 1212.22
0924 1026.4 1203.85
0925 1771.73 1091.38
0926 1184.8 845.979
0928 977.966 1363.48
0929 613.058 1422.59
0930 1888.9 451.956
0933 1797.68 1349.57
0934 1220.31 1100.29
0935 670.912 863.665
0936 831.671 1169.65
0938 1892.32 705.512
0940 1639.14 1259.54
0941 1071.02 1014.28
0942 1227.54 1322.98
0943 689.716 1085.4
0945 511.976 1567.47
0946 2052.9 1400.27
0947 1921.11 976.908
0948 1317.38 729.439
0951 726.43 1324.94
0953 1757.04 885.634
0954 1920.61 1215.5
0955 1328.34 966.135
0957 1110.47 1477.85
0960 2047.2 581.266
0961 1757.21 1124.37
0962 1172.78 878.727
0964 781.482 955.449
0966 602.767 1451.41
0967 1874.15 488.03
0968 2048.21 832.808
0970 1337.05 1524.91
0971 1207.45 1130.62
0972 820.678 1199.71
0974 2041.18 1198.18
0976 1599.73 1266.47
0977 1462.07 849.595
0978 1215.21 1353.69
0979 679.674 1116.17
0981 962.019 1296.1
0982 2036.61 1432.15
0983 1906.08 1010.86
0984 1304.08 761.161
0985 1042.97 1243.97
0986 902.419 844.725
0988 716.07 1354.49
0990 1713.93 894.801
0992 1472.98 1424.82
0993 1074.92 1483.9
0994 555.709 1248.49
0996 2003.34 590.791
0998 1742.74 1157.25
1000 931.61 1399.75
1001 795.4 1010.77
1002 568.692 1457.89
1003 1831.33 497.956
1005 1584.03 1066.55
1007 627.442 903.358
1012 1584.98 1296.47
1013 1020.81 1052.92
1015 669.605 1146.52
1016 1176.98 1321.5
1017 1696.08 684.092
1018 1864.01 1018.61
1019 1265.64 769.931
1021 1055.27 1298.33
1023 525.884 989.894
1024 1700.1 929.295
1026 1459.27 1455.36
1028 1188.17 1576.63
1029 545.85 1277.98
1030 2154.68 1092.39
1032 1727.6 1187.89
1034 760.728 1018.32
1036 580.608 1508.79
1037 2149.85 1331.13
1038 1543.87 1072.41
1039 1400.97 650.808
1041 990.042 739.637
1043 1410.17 1219.49
1045 1820.04 784.12
1047 1409.84 891.361
1049 789.163 1554.83
1050 659.546 1177.04
1052 2003.58 1492.93
1053 1417.99 1239.14
1055 881.113 909.218
1059 1684.45 960.139
1061 1289.19 1060.86
1062 733.549 824.667
1063 513.406 1284.49
1065 2138.44 1126.12
1066 1999.91 686.674
1067 1687.53 1195.14
1068 1110.93 950.326
1071 548.316 1514.54
1072 1799.5 568.363
1074 1361.84 660.109
1076 1146.19 1200.86
1077 608.435 966.007
1078 765.5 1267.24
1079 1798.06 758.949
1080 1967.05 1268.89
1081 1831.85 842.514
1082 1532.37 1334.7
1083 1397.01 924.751
1085 778.05 1582.95
1087 1036.58 948.226
1088 1264.15 1305.46
1089 1833.53 1083.35
1090 1241.59 836.85
1092 845.797 917.356
1094 661.987 1419.17
1095 1953.33 441.897
1096 1644.4 968.222
1097 1405.94 1492.33
1098 1274.71 1093.2
1099 1015.42 1548.37
1100 503.692 1313.76
1101 2121.72 1157.62
1103 1698.89 1252.51
1105 874.493 1464.61
1106 740.312 1080.46
1107 537.374 1540.65
1108 380.386 1147.16
1109 1955.65 943.082
1110 1349.35 694.346
1112 1134.23 1231.86
1114 754.998 1297.34
1115 1951.55 1301.38
1116 1817.11 876.895
1117 1518.67 1365.76
1118 1384.19 958.185
1119 1140.11 1451.06
1120 614.651 1214.61
1122 1489.95 1331.66
1123 1945.09 1529.74
1124 1818.75 1116.6
1125 1229.32 869.821
1126 972.863 1341.89
1127 835.118 949.173
1129 2081.04 922.314
1131 1630.21 1000.85
1132 1485.16 574.228
1133 1237.36 1100.73
1134 687.825 865.62
1137 1941.39 730.83
1139 1087.72 1014.8
1140 863.438 1493.65
1141 729.247 1109.13
1142 505.219 1546.14
1143 1743.15 613.667
1144 2098.44 1426.99
1145 1501.55 1170.54
1146 1658.15 1484.74
1147 1098.07 1238.73
1148 565.026 1004.45
1150 1737.86 1225.33
1151 1429.23 916.846
1152 1775.61 885.501
1153 1504.91 1396.84
1154 950.737 1153.49
1156 580.639 1219.46
1159 1612.77 794.609
1160 1777.79 1124.06
1161 1191.69 878.151
1163 985.065 1395.34
1165 618.116 1452.38
1166 1893.98 487.912
1167 1771.89 1470.41
1170 653.727 873.896
1172 483.552 1369.89
1174 1898.53 739.724
1176 1644.97 1291.46
1177 829.315 1499.54
1178 718.995 1140.11
1179 516.545 1595.89
1180 2055.8 1433.06
1181 1462.87 1177.82
1182 1322.81 763.072
1184 920.917 844.269
1185 1982.6 1254.6
1187 1734.7 894.306
1189 1491.28 1427.34
1190 939.522 1184.19
1191 1091.18 1484.66
1192 571.009 1249.08
1194 2219.62 1085.4
1196 1341.17 1339.84
1198 949.365 1399.91
1199 813.35 1010.36
1201 1879.15 524.039
1202 1602.2 1066.97
1203 1025.6 825.204
1204 1188.2 1140.42
1205 643.266 903.523
1207 472.052 1399.1
1208 2020.23 1205.28
1209 1883.59 774.743
1211 1630.66 1323.09
1212 1063.81 1076.68
1213 817.439 1526.6
1214 685.205 1147.21
1215 1928.69 821.01
1216 1369.3 1103.1
1217 2039.68 1464.7
1218 1449.37 1209.89
1219 1310.39 796.904
1221 909.813 876.443
1222 699.452 1361.06
1223 524.922 1476.24
1224 1879.47 1372.41
1226 1319.48 1029.41
1230 2174.33 1092.74
1231 1557.27 838.298
1234 937.912 1429.25
1235 424.405 1196.23
1238 1588.44 1099.97
1239 1013.76 856.05
1240 1175.25 1169.9
1241 633.378 934.838
1242 439.628 1404.8
1244 2031 1263.99
1246 1591.62 1329.9
1247 1027.58 1084.53
1248 806.325 1555.13
1249 2019.8 1100.44
1250 452.187 1098.23
1251 1700.89 718.755
1252 2048.74 1521.01
1253 1271.26 803.577
1255 1059.96 1329.39
1256 535.492 1094.32
1258 1611.47 1391.6
1259 1864.09 1403.67
1260 1115.17 716.322
1261 1462.76 1486.48
1262 724.701 801.149
1263 1066.43 1543.27
1264 551.426 1308
1266 1992.31 662.264
1268 1288.32 1375.87
1269 1154.9 974.302
1270 903.406 1435.56
1271 768.243 1049.02
1273 1849.78 595.968
1274 1573.9 1130.59
1276 1163.07 1201.19
1277 623.741 966.093
1280 1986.74 1271.47
1281 1853.79 844.072
1283 991.598 1091.74
1284 795.16 1583.32
1285 1862.68 1287.5
1286 1659.73 727.723
1287 1397.35 1246.7
1288 1258.92 836.75
1290 500.944 1102.06
1293 1823.38 1410.25
1294 1690.92 992.687
1295 1103.84 749.795
1296 1448.78 1515.98
1297 715.195 833.312
1299 541.475 1337.19
1301 1977.12 697.872
