0003 1494.44 1458.33
0004 1477.26 967.911
0005 982.225 1429.07
0009 1958.75 1289.27
0011 1406.17 1251.82
0015 2401.55 1575.74
0016 1774.49 1101.58
0025 1705.37 1392.21
0027 1175.31 1358.66
0030 1801.71 1344.1
0037 537.321 1251.62
0039 1976.33 956.562
0041 1464.54 1481.78
0042 1449.07 1009.01
0043 956.32 1451.07
0044 340.238 1055.18
0046 2499.01 1377.99
0048 1905.38 1285.87
0049 1242.44 772.048
0053 338.676 1341.64
0054 2363.8 1596.54
0057 1217.89 1143.97
0060 1189.57 1181.12
0062 1654.68 1389.19
0063 1637.98 847.471
0065 489.326 919.081
0072 994.642 1266.43
0074 490.698 1248.71
0077 1969.37 1040.97
0078 1416.13 1478.91
0079 1396.93 1004.93
0081 951.723 1494.52
0087 782.152 1373.57
0089 1667.07 1420.12
0091 2326.77 1615.78
0093 1769.97 1529.41
0094 1165.38 1143.41
0102 1122.66 1409.15
0103 497.248 1002.67
0107 2102.65 1239.67
0109 947.151 1266.07
0110 856.753 647.069
0113 2561.35 1558.36
0116 1407.25 1525.6
0118 906.347 1493.71
0119 297.758 1121.1
0122 1842.35 1343.82
0123 1194.67 866.708
0124 1300.65 1308.23
0125 651.237 843.455
0126 1909.93 924.2
0128 2271.71 1603.25
0135 1651.99 1348.48
0138 1595.14 1440.54
0139 1075.61 1408.53
0143 2045.38 1232.38
0145 922.586 1296.33
0146 837.388 704.513
0149 2522.94 1580.33
0150 1884 1073.9
0154 881.134 1512.22
0158 1811.11 1372.78
0160 735.735 1423.85
0162 1786.72 1426.28
0163 2252.94 1648.94
0165 1090.6 1176.67
0170 2089.28 923.884
0173 1050.23 1433.81
0178 2013.04 1264.58
0179 1341.8 728.333
0181 787.382 704.752
0183 428.14 1332.84
0187 1331.41 1542.48
0188 1316.66 1117.96
0189 836.523 1511.23
0192 2326.87 1441.71
0194 1760 1369.54
0195 1119.46 911.158
0197 582.886 887.663
0198 1657.55 1433.13
0204 1088.94 1242.65
0206 579.35 1228.43
0208 2056.9 1513.3
0210 1516.89 1463.23
0211 1501.79 974.093
0213 382.124 1032.73
0215 2562 1360.88
0216 1877.09 771.307
0218 1289.07 727.703
0222 382.772 1327.94
0224 2446.41 1619.23
0225 1822.17 1146.57
0226 1284.44 1538.86
0227 1266.11 1116.66
0231 2271.36 1431.98
0236 667.919 1446.92
0237 590.647 974.741
0240 2163.06 1652.44
0241 1573.6 1266.64
0243 1040.64 1242.1
0247 2026.7 1007.47
0249 1449.43 972.435
0251 999.669 1479.96
0252 389.07 1106.99
0253 2503.08 1348.07
0255 1336.63 1371.42
0257 826.207 1353.08
0258 747.016 806.934
0260 2358.34 1208.01
0261 2390.18 1605.97
0262 1769.36 1143.82
0268 1639.07 1430.3
0271 1696.61 1425.1
0272 1071.15 996.077
0273 1172.29 1389.54
0278 1522.97 1264.58
0284 1971.81 1004.81
0286 1459.1 1509.74
0287 853.597 1137.3
0288 953.758 1478.79
0291 2485.51 1414.22
0293 1896.03 1322.42
0296 694.389 803.816
0298 340.216 1371.49
0306 1908.01 1512.68
0308 1646.6 1421.75
0310 521.185 1009.54
0314 1494.5 1295.44
0316 968.353 1273.11
0323 1430.63 1531.71
0324 830.172 1170.56
0325 927.77 1497.46
0328 2447.58 1439.71
0330 1864.54 1352.15
0331 1217.94 877.407
0333 673.731 850.514
0334 1643.01 1505.52
0337 1686.89 1175.82
0340 1187.33 1216.79
0342 898.828 945.81
0344 2166.18 1506.05
0346 1616.43 1447.71
0349 473.514 1006.65
0353 2071.48 1241.54
0354 1392.3 685.302
0356 966.272 1329.96
0358 469.324 1312.58
0360 1902.38 1569.46
0362 1382.74 1528.67
0363 782.896 1170.33
0367 2390.38 1427.76
0368 1736.54 908.635
0372 755.683 1427.77
0373 1904.25 1578.63
0375 1657.17 1209.82
0377 1138.15 1215.56
0381 2112.89 1498.56
0384 944.387 1030.32
0391 919.186 1329.31
0397 760.273 1204.74
0401 2353.51 1453.02
0402 1707.97 952.078
0403 1781.87 1375.12
0404 1141.68 917.685
0406 732.456 1451.14
0408 1757.34 1513.12
0413 1112.73 1247.25
0418 1557.56 1494.55
0420 509.288 1500.46
0421 433.415 1081.75
0424 1388.28 1349.4
0426 789.627 765.021
0433 737.851 1237.81
0435 1497 1508.43
0440 1180.13 1466.98
0442 687.811 1450.66
0443 612.045 980.711
0444 2024.45 1590.94
0446 2185.21 1660.22
0447 936.119 769.899
0448 1087.33 1278.07
0451 2026.76 1514.89
0452 1435.74 1129.48
0454 1528.24 1517.71
0457 410.935 1117.33
0460 1291.47 786.303
0462 871.105 1383.62
0464 381.995 1358.9
0469 1261.82 1157.65
0474 1625.41 987.632
0476 1067.22 959.932
0478 664.918 1472.63
0479 1037.13 1066.67
0483 1569.17 1302.35
0484 914.844 820.197
0485 1039.43 1277.71
0489 1992.9 1534.04
0499 1332.72 1402.64
0501 825.152 1383.53
0505 1761.75 1184.61
0514 1107.29 1487.92
0516 642.225 1492.97
0518 308.162 1036.06
0521 1537.83 1332.51
0523 1014.53 1307.76
0525 2539.49 1677.9
0527 1959.51 1554.57
0533 370.293 1180.94
0534 2452 1411.16
0537 1305.23 1427.9
0539 801.688 1408.86
0544 1731.81 1218.19
0545 1052.84 673.55
0553 1080.99 1508.71
0555 598.035 1491.54
0556 522.165 1054.88
0557 2038.82 1374.61
0559 1487.76 1330.22
0560 840.457 866.836
0566 1933.4 1089.01
0568 829.073 1212.37
0570 323.388 1171.8
0572 2434.3 1473.67
0574 1257.1 1425.21
0577 677.414 900.76
0578 761.888 1075.28
0584 622.611 1326.63
0588 2156.74 1535.47
0589 1540.31 1102.49
0590 1610.75 1477.35
0591 995.294 1078.01
0598 1392.69 746.629
0601 324.141 910.866
0605 1374.72 1552.6
0606 806.007 1243.07
0611 1167.68 926.885
0614 2298.87 1286.12
0617 1650.13 1248.25
0618 980.825 728.068
0620 600.674 1353.81
0624 2121.55 1555.97
0627 971.019 1112.33
0632 1431.05 1386.1
0633 796.31 951.588
0634 915.686 1360.94
0637 2470.6 1242.58
0639 1871.06 1160.89
0648 1200.68 1471.45
0649 1169.25 1010.48
0650 709.556 1453.97
0651 1313.87 1249.18
0653 2185.15 1330.66
0655 1620.71 1279.43
0658 423.108 750.53
0667 1921.95 1425.24
0668 1926.03 885.723
0669 1381.66 1381.52
0670 1343.73 845.287
0674 2411.44 1230.42
0679 736.641 1273.99
0682 2285.6 1476.12
0683 1673.34 1037.71
0684 1153.96 1469.34
0685 1116.16 1009.23
0687 708.179 1496.5
0689 2131.15 1324.71
0692 908.592 777.045
0694 533.826 1377.88
0695 434.569 847.939
0699 1433.05 1169.72
0700 1503.29 1519.18
0701 899.08 1147.62
0708 1374.59 1435.8
0714 1131.28 681.971
0715 690.086 1273.67
0716 584.927 665.007
0717 897.605 1179.44
0719 2250.03 1500.13
0720 1620.43 1033.25
0722 1147.56 1514.37
0723 664.045 1495.98
0728 1562.24 1337.01
0729 915.816 873.615
0730 488.857 1374.98
0734 1998.22 1585.16
0735 1402.8 1203.72
0736 1474.59 1540.52
0737 875.946 1182.68
0741 1839.04 1445.57
0742 1841.68 924.683
0744 1267.1 890.412
0747 2273.07 1711.18
0749 1658.12 719.917
0750 1757.23 1223.69
0753 691.764 1332.35
0754 1169.07 1261.71
0757 1611.77 1551.33
0759 1101.32 1512.25
0764 2064.67 1380.92
0765 2068.63 801.276
0766 1512.37 1335.04
0767 865.827 872.851
0769 490.956 1424.52
0770 2506.67 1674.63
0772 1352.7 1202.18
0778 1787.41 922.243
0780 1298.88 1456.8
0781 683.602 1071.36
0782 798.48 1436.75
0784 2299.36 1316.21
0787 1058.32 736.056
0791 456.851 1253.9
0793 1539.53 1068.82
0799 2011.61 1375.5
0802 1504.71 1393.65
0807 1325.38 1234
0809 829.765 1249.12
0813 1776.27 1494.71
0815 1251 1454.11
0816 635.943 1070.75
0821 1574.24 768.184
0823 1036.56 787.791
0826 2100.45 909.764
0828 2144.13 1562.48
0831 461.155 1234.18
0833 1979.07 1403.45
0838 2430.17 1707.5
0841 1275.74 1232.78
0844 804.416 1280.6
0847 1745.35 1517.4
0849 1223.93 1477.14
0850 615.076 1108.77
0856 1643.08 1284.53
0857 985.776 787.411
0859 601.541 1383.19
0861 2050.13 1180.48
0862 2091.56 1554.33
0869 1927.26 843.404
0871 800.098 1001.75
0877 1248.82 1263.53
0879 781.026 1308.18
0880 1163.68 1343.42
0883 1699.12 1042.89
0887 1296.39 1348.65
0892 1047.94 1397.97
0894 556.442 1381.9
0897 2056.93 1573.76
0898 1455.89 1177.2
0905 1898.19 889.825
0907 1398.69 1442.11
0908 777.415 1038.21
0911 2353.69 1735.78
0913 1222.63 1293.79
0914 1155 689.679
0924 1140.75 1274.38
0925 2120.62 1360.88
0926 1469.27 863.493
0928 1022.43 1421.45
0933 2022.51 1592.49
0934 1427.96 1210.51
0935 752.43 678.085
0940 1880.52 1482.99
0942 1349.96 1437.34
0943 728.902 1037.65
0951 712.096 1336.14
0954 2240.65 1530.58
0961 2087.29 1389.59
0962 1443.25 909.314
0964 887.968 879.08
0966 513.126 1428.63
0971 1399.84 1240.16
0972 873.9 1221.07
0974 2397.32 1565.1
0976 1829.45 1478.19
0978 1322.25 1461.35
0979 707.488 1076.31
0981 1026.09 1354.95
0983 2326.54 1327.59
0985 1147.86 1320.13
0986 1081.65 743.357
0988 689.363 1363.04
0998 2053.92 1417.17
1000 951.14 1444.98
1001 893.376 967.121
1002 466.285 1426.01
1005 1900.56 1275.31
1012 1797.71 1499.53
1015 685.928 1113.95
1016 1287.76 1423.66
1019 1601.44 776.246
1021 1143.73 1376.12
1029 484.116 1239.89
1032 2021.02 1441.41
1036 467.132 1469.22
1038 1847.92 1269.67
1043 1618.8 1384.6
1050 664.35 1150.48
1053 1620.29 1405.58
1055 1037.28 844.147
1063 438.079 1236.47
1065 2557.39 1546.54
1067 1968.98 1436.53
1068 1338.19 990.951
1071 422.959 1464.96
1076 1295.18 1299.18
1077 644.038 830.064
1078 780.923 1284.38
1080 2268.5 1591.65
1082 1717 1518.78
1083 1722.36 1048.9
1087 1238.93 961.183
1088 1402.66 1430.38
1089 2200.79 1374.2
1090 1548.91 872.35
1092 986.464 843.22
1094 599.95 1413.63
1096 2018.97 1182.46
1098 1500.26 1217.21
1100 417.505 1265.86
1101 2519.31 1566.8
1103 1955.51 1491.58
1105 856.497 1487.66
1106 799.53 1046.73
1109 2424.26 1279.51
1112 1268.24 1328.31
1114 757.954 1313.79
1115 2231.85 1610.39
1117 1686.3 1540.75
1119 1190.66 1523.71
1120 593.799 1185.35
1122 1667.49 1506.9
1123 2252.04 1702.25
1124 2166.39 1402.19
1125 1522.1 917.282
1126 1023.99 1400.75
1127 963.82 889.263
1133 1449.81 1215.53
1134 776.13 689.204
1140 832.001 1506.56
1145 1752.91 1360.01
1147 1219.85 1327.01
1150 2015.26 1478.75
1154 1059.49 1200.1
1156 546.585 1181.04
1160 2112.91 1395.86
1161 1469.21 915.496
1163 1020.23 1451.08
1165 532.893 1433.11
1172 375.725 1317.27
1176 1872.23 1510.81
1177 787.39 1505.92
1181 1701.77 1356.98
1182 1681.15 791.089
1184 1107.33 750.275
1185 2295.05 1586.58
1190 1034.9 1232.73
1192 525.69 1214.37
1196 1483.33 1479.33
1198 973.609 1448.8
1199 917.813 972.393
1202 1922.86 1281.23
1203 1257.22 763.127
1205 705.782 739.134
1208 2367.84 1562.25
1211 1839.52 1532.46
1212 1233.25 1138.59
1214 706.953 1118.94
1216 1616.38 1254.24
1218 1671.6 1385.36
1219 1654.08 839.954
1221 1084.94 801.676
1222 666.195 1366.54
1224 2107.18 1633.66
1226 1582.05 1154.05
1234 948.524 1471.1
1238 1891.36 1311.8
1239 1233.38 810.554
1240 1343.78 1274.41
1241 685.722 788.791
1244 2491.25 1734.22
1246 1789.67 1528.37
1249 2423.5 1468.2
1255 1138.21 1405.97
1256 513.672 997.65
1259 2071.74 1648.41
1264 484.144 1275.74
1268 1403.76 1497.48
1270 903.181 1469.84
1271 846.095 1012.53
1274 1859.61 1339.24
1276 1316.67 1304.06
1277 666.02 836.466
1280 2291.17 1601.85
1285 2133.12 1567.5
1287 1592.09 1407.74
1294 2066.53 1226.93
1295 1383.27 663.9
1299 463.188 1303.86
