0003 1501.19 939.594
0004 1390.87 434.036
0005 1008.91 953.726
0009 1887.38 668.89
0011 1374.82 694.226
0016 1676.46 510.725
0018 1179.11 537.31
0025 1682.48 822.087
0027 1180.5 841.88
0030 1758.67 750.644
0031 2152.42 1062.61
0032 2043.55 517.096
0037 576.814 752.015
0039 1822.77 373.285
0041 1478.76 977.718
0042 1372.2 465.282
0043 987.268 988.275
0046 2392.2 614.606
0048 1837.99 671.211
0054 2358.19 921.116
0057 1186.64 599.183
0058 796.687 1144.09
0059 712.198 619.846
0060 1166.36 637.648
0062 1634.34 824.367
0063 1511.9 337.741
0068 2278.27 255.485
0069 1993.21 521.53
0074 534.076 754.668
0077 1834.4 435.891
0078 1431.65 979.845
0079 1325.51 465.686
0081 989.443 1064.97
0087 812.532 882.859
0089 1653.78 861.08
0091 2333.39 963.965
0092 1637.35 580.107
0093 1783.43 1002.76
0094 1139.08 601.711
0098 827.683 827.119
0099 1981.66 299.085
0102 1139.16 913.525
0103 532.703 542.805
0107 2002.24 590.69
0113 2514.31 784.201
0114 1786.13 438.795
0116 1434.64 1053.56
0118 945.206 1065.89
0122 1795.46 742.706
0126 1758.26 355.404
0128 2279.17 971.034
0129 2158.17 438.428
0135 1621.33 773.201
0138 1591.48 897.563
0139 1094.25 914.226
0143 1949.26 592.875
0150 1766.53 470.249
0152 1261.95 500.27
0158 1774.52 780.114
0160 773.179 956.496
0162 1766.66 848.998
0163 2281.69 1048.01
0165 1075.53 638.111
0170 1912.81 334.354
0173 1073.78 951.701
0176 2494.68 566.348
0178 1928.67 629.46
0185 1718.2 473.532
0187 1365.57 1094.82
0188 1270.95 563.849
0189 880.14 1106.55
0192 2265.07 741.831
0194 1726.08 782.306
0195 1071.76 423.687
0198 1647.53 877.058
0199 1868.1 342.846
0201 2085.55 478.277
0206 613.871 719.204
0208 2046.62 912.59
0210 1522.81 937.822
0211 1412.64 431.055
0215 2438.7 570.649
0220 896.59 847.057
0224 2439.42 909.408
0225 1727.67 539.66
0226 1319.34 1096.77
0227 1225.37 566.176
0232 2072.42 257.154
0236 710.044 994.319
0237 613.398 508.563
0240 2202.23 1099.24
0241 1529.79 687.297
0247 1876.38 399.717
0249 1366.37 433.774
0251 1032.2 1027.66
0253 2384.14 578.829
0255 1332.36 836.875
0257 851.061 848.385
0260 2215.69 497.467
0261 2384.17 917.332
0262 1679.67 542.786
0268 1629 874.264
0271 1681.66 858.719
0273 1181.31 877.427
0278 1482.79 689.017
0284 1827.86 402.86
0286 1479.47 1015.8
0287 856.963 615.613
0288 987.816 1028.51
0293 1838.08 706.498
0303 1187.88 634.795
0306 1906.84 943.655
0308 1633.69 860.97
0312 2292 356.521
0314 1462.8 724.674
0319 2357.36 374.38
0321 1806.98 436.606
0323 1457.4 1054.84
0324 838.013 645.59
0325 965.887 1065.15
0328 2368.84 692.34
0330 1816.85 743.654
0331 1153.5 391.358
0334 1653.33 978.601
0337 1612.65 580.817
0342 881.902 461.994
0344 2143.47 868.959
0346 1612.22 899.195
0347 972.529 516.195
0349 510.552 543.085
0353 1973.79 592.556
0356 978.796 808.819
0358 514.563 822.433
0360 1923.05 1040.93
0361 1817.12 502.24
0362 1410.55 1056.49
0363 794.695 647.479
0367 2314.91 700.056
0368 1605.05 358.638
0372 791.009 955.772
0375 1592.81 616.043
0381 2091.85 873.638
0384 928.334 518.61
0391 934.624 810.398
0394 1898.8 1082.81
0396 1387.73 1093.63
0397 776.672 680.351
0401 2291.51 740.7
0403 1746.53 781.348
0404 1090.89 421.284
0406 770.962 993.643
0408 1763.92 970.925
0414 2447.45 260.396
0418 1568.31 974.076
0419 937.075 579.765
0424 1374.95 797.537
0428 2260.8 458.135
0430 1719.77 506.124
0432 1362.04 1136.3
0433 758.648 714.649
0435 1514.36 1004.26
0437 2238.13 747.07
0440 1202.24 987.638
0442 727.707 993.979
0444 2046.34 1043.92
0451 2017.91 918.284
0452 1377.66 558.505
0454 1546.43 1013.56
0456 537.508 1151.94
0462 895.381 883.21
0466 1824.81 1125.08
0467 1728.56 573.485
0469 1225.95 598.644
0471 1785.06 1081.62
0472 2034.14 502.047
0473 2216.2 781.666
0474 1522.93 419.725
0476 1030.68 450.215
0478 708.835 1028.34
0479 1014.42 533.045
0483 1533 717.692
0488 2439.74 357.181
0489 1995 953.612
0490 1880.09 427.679
0499 1334.67 869.629
0500 1221.56 382.004
0501 852.814 880.519
0505 1681.92 573.084
0510 2340.85 539.692
0514 1136.87 1024.21
0521 1510.21 754.727
0525 2545.47 932.151
0527 1971.18 995.299
0528 1860.93 462.14
0530 832.662 612.621
0534 2362.36 653.296
0535 1646.46 321.08
0537 1313.64 907.734
0539 832.883 917.491
0542 2196.46 568.151
0544 1662.19 608.806
0549 1900.68 1070.13
0553 1115.31 1063.48
0554 1022.26 541.831
0559 1463.22 756.933
0564 2363.46 403.738
0566 1812.29 465.051
0568 839.942 677.161
0572 2369.57 726.788
0574 1267.31 909.683
0575 1159.53 414.19
0578 769.309 559.231
0579 2144.18 574.932
0581 1614.1 611.467
0584 657.676 812.527
0588 2145.48 904.486
0589 1466.84 519.539
0590 1614.25 933.51
0591 977.902 544.368
0609 2315.52 734.45
0611 1114.57 416.822
0614 2187.94 577.72
0617 1594.6 647.752
0620 638.238 848.309
0624 2121.06 946.442
0626 1048.29 1104.65
0632 1422.09 831.509
0633 791.755 464.384
0634 934.478 843.243
0636 2437.36 1028.11
0637 2320.59 480.093
0639 1773.3 535.102
0646 1562.02 388.093
0648 1222.12 984.02
0649 1124.06 473.308
0650 748.699 990.409
0666 2275.36 223.231
0669 1374.92 831.19
0674 2266.48 488.599
0676 1872.5 1166.84
0679 758.872 743.422
0682 2238.88 782.249
0683 1572.23 450.204
0684 1177.29 985.384
0685 1077.25 476.133
0696 2431.33 326.241
0698 2043.46 993.631
0699 1382.01 587.497
0700 1522.54 1010.8
0701 897.175 608.623
0705 2444.7 642.859
0708 1379.73 904.553
0713 1704.95 570.793
0715 716.011 744.668
0717 898.674 637.996
0718 2047.25 414.923
0719 2215.51 822.563
0720 1524.48 450.275
0722 1179.46 1061.87
0728 1532.64 753.22
0735 1360.44 623.966
0736 1500.43 1050.44
0737 878.908 641.99
0741 1818.35 848.827
0742 1697.59 346.244
0748 2219.54 567.295
0750 1685.05 606.934
0753 720.844 812.883
0760 1041.39 540.081
0766 1485.71 755.427
0770 2513.48 940.464
0772 1314.62 626.273
0778 1649.68 349.976
0780 1311.9 945.438
0786 1664.74 643.091
0791 499.531 745.366
0793 1458.95 486.92
0795 996.943 542.813
0802 1491.6 828.1
0813 1774.06 927.614
0814 1660.9 411.498
0815 1265.73 947.837
0816 655.061 560.059
0827 1956.36 488.733
0828 2143.31 945.347
0833 1934.89 770.136
0838 2461.09 1026.23
0839 2343.92 476.833
0847 1751.91 967.988
0849 1244.51 986.433
0850 637.951 591.245
0856 1594.33 682.157
0859 639.236 884.235
0861 1936.44 524.905
0862 2091.41 950.148
0863 1448.89 587.652
0871 796.633 494.736
0875 2321.62 516.655
0877 1228.82 699.036
0880 1162.8 800.332
0881 2091.33 377.427
0883 1594.89 448.758
0885 1099.28 476.997
0887 1287.4 795.724
0892 1062.38 880.707
0897 2067.24 992.901
0898 1402.66 590.221
0903 2279.63 254.888
0905 1738.97 315.525
0907 1402.36 907.185
0908 778.676 523.302
0920 1547.8 451.695
0922 602.037 653.052
0928 1041.54 915.5
0934 1383.27 625.884
0936 897.733 642.223
0940 1867.48 887.574
0941 1212.94 502.255
0942 1355.18 906.786
0943 735.626 525.585
0947 2245.38 564.75
0951 738.984 813.569
0953 2051.72 448.514
0955 1529.07 485.368
0961 2028.87 728.955
0962 1349.54 374.011
0968 2414.75 398.705
0972 879.481 676.33
0974 2370.18 845.341
0976 1818.18 890.823
0977 1700.42 377.235
0978 1334 945.387
0979 718.506 556.602
0981 1035.1 821.98
0983 2223.08 604.572
0985 1143.59 769.281
0988 720.149 849.959
0990 1999.18 453.938
0992 1634.47 1089.12
0994 541.479 688.814
0998 2007.19 768.629
1000 976.714 954.136
1001 875.788 460.603
1005 1826.49 638.033
1012 1794.75 928.122
1013 1146.4 535.745
1015 700.883 587.679
1016 1293.35 895.408
1021 1148.5 842.337
1024 1978.83 489.9
1034 832.195 463.226
1037 2488.07 1026.31
1038 1777.08 639.106
1043 1594.91 800.068
1045 2134.1 342.164
1047 1634.24 414.234
1050 683.526 619.61
1053 1601.48 826.164
1059 1957.78 523.952
1061 1471.16 586.967
1063 480.587 725.922
1065 2501.77 751.997
1067 1934.67 808.864
1068 1267.99 436.848
1073 2487.53 1106.52
1079 2108.27 314.102
1081 2145.09 404.753
1082 1724.14 970.604
1083 1615.51 447.645
1087 1177.87 425.156
1088 1402.72 886.923
1094 638.306 924.197
1096 1908.32 528.293
1098 1449.53 623.172
1101 2476.66 791.711
1103 1939.93 884.476
1106 798.042 524.48
1109 2290.89 522.381
1114 779.158 779.762
1115 2241.42 978.284
1116 2124.98 441.192
1117 1701.83 1010.63
1118 1596.78 481.545
1119 1220.99 1065.62
1120 620.808 654.453
1122 1673.02 958.565
1124 2103.9 723.213
1125 1418.24 368.773
1126 1038.99 881.881
1129 2448.98 499.533
1131 1888.14 564.642
1133 1403.09 625.802
1139 1232.25 501.276
1140 870.267 1071.89
1141 779.98 553.339
1145 1712.65 750.379
1147 1211.3 770.077
1150 1991.26 853.313
1151 1654.84 441.731
1152 2073.78 446.998
1153 1678.69 1051.39
1154 1045.95 640.404
1160 2053.18 728.012
1163 1042.67 955.672
1165 575.409 960.537
1176 1867.99 927.503
1177 826.786 1072.51
1178 762.507 585.12
1181 1664.49 753.093
1185 2287.41 914.83
1187 2023.67 451.85
1189 1655.03 1093.08
1192 559.799 687.744
1196 1490.22 943.412
1198 997.826 953.848
1199 897.224 458.711
1202 1847.34 637.818
1204 1336.96 662.345
1208 2342.23 849.448
1209 2212.53 330.24
1211 1845.09 967.685
1212 1194.92 565.411
1214 719.593 586.456
1215 2265.8 380.685
1216 1562.43 647.112
1218 1643.5 790.351
1222 697.458 850.234
1224 2137.78 1071.32
1226 1510.49 550.809
1231 1814.2 372.368
1234 977.078 991.87
1238 1826.88 673.875
1244 2346.85 927.521
1246 1795.98 970.581
1247 1149.42 567.668
1249 2354.71 713.383
1255 1147.74 879.711
1258 1807.76 1061.02
1259 2112.19 1115.1
1264 523.241 755.48
1268 1418.76 982.077
1269 1318.43 463.813
1270 933.138 992.794
1271 836.432 491.376
1274 1805.25 708.982
1280 2289.9 935.657
1281 2171.62 403.101
1283 1104.57 569.784
1285 2132.79 948.928
1287 1574.39 827.664
1294 1961.6 558.377
